%YAML:1.0
---
K: !!opencv-matrix
   rows: 3
   cols: 3
   dt: d
   data: [ 3.5292093437e+03, 0., 6.15441382e+02, 0.,
           3.5292093437e+03, 4.751515441e+02, 
           0., 0., 1. ]
D: !!opencv-matrix
   rows: 1
   cols: 5
   dt: d
   data: [ -1.6943640649807e-01, 1.15441382679e-01,
           2.01694364064e-03, -3.4138267967e-03,
           0 ]
Tcb: !!opencv-matrix
   rows: 3
   cols: 3
   dt: f
   data: [ -1,0, 0,
           0, 0, 1, 
           0,1, 0]

