%YAML:1.0
---

Q00: 0.1
Q11: 100
Q22: 0.1
Q33: 100
Q44: 0.01

R00: 1
R11: 1
R22: 800

Q00_AC: 0.01
Q11_AC: 10
Q22_AC: 0.01
Q33_AC: 10
Q44_AC: 0.01

R00_AC: 1
R11_AC: 1
R22_AC: 800



